7914
5032
11424
2567
4123
3567
7346

1334
2173
5437
1104
1872
1148
6547
3149
5923
5705
4036
5348
1100

4108
14444
25596

7237
4252
1020
8333
3538
5089
6328
4581
6503
8741

5799
1585
1137
1985
6489
5309
6249
4594
1885
6100
4233
1517
6346

13392

5705
2914
1636
2126
1200
2458
3862
5696
6269
6624
4015
6878

7503
4528
1771
4976
2360
4953
8402
5437
1521
3369

19947
3465

2635
3520
5764
1201
2231
5663
1872
1834
5889
3104
6043
5672
1897
4429
3242

1568
7727
7363
1762
6400
5605

4660
11308
4380
2582
1001
11714

5134
2300
4757
4613
2991
6561
5951
4936
4592
2099
4117
6658
6387

24950
7865
7757

2251
6418
1692
5020
5913
1070
3996
6016
2406
6237
4374
1631
6892

1679
4298
3371
3474
4722
4311
1610
3863
6770
4010
5611
2097

6922
5309
7222
5672
6050
1269
4328
3736
4861
3956
3206
1832

1880
3478
7714
7708
6067
6378
3506
7447
5526
6263
6018

6731
5938
6918
1352
1828
5339
4113
5783
2637
3584
1874
2647

2781
6009
6301
6635
4924
4150
2216
6989
3632
5509
4650

20208

1060
9513
1929
6742
8104
7913
5924
4176
3578

5296
9369
2530
7070
8392
9054
3721
4291
9210

3334
2939
3462
1612
3295
1080
1286
4522
1815
2245
4000
5780
5722
4194
4371

3400
4587
1020
8609
7675
1272

1716
6587
4563
3922
3788
6667
3734
6692
1783
3153
4195

2572
6830
3179
1029
2269
11843
9941

6543
6760
15219
11241
10592

6608
1237
3951
3068
3073
3796
3603
3223
3937
5450
5436
3069
1061
